.Random.seed <-
c(403L, 624L, -939924934L, -1244587405L, 1362953496L, 741821497L, 
-2090864986L, 26642671L, 1936640612L, -631036395L, 275353554L, 
279434539L, -1318854032L, 32244657L, -1981812290L, -1185334489L, 
798775612L, 1777828109L, -305332118L, -694634781L, 1349974728L, 
1959459369L, -815306794L, -1108736929L, -84061420L, 757566213L, 
-1245801470L, -886923365L, 208645664L, 1332088737L, -752439058L, 
-1109015401L, -2137974804L, 1783833597L, -2124109158L, 1692430163L, 
-1665966984L, -204790759L, -1365627642L, -758817841L, 696453060L, 
-317314059L, 653370418L, 420021771L, -2020383280L, 1929648017L, 
1728723998L, 1146989063L, 715817628L, 1439204077L, 1663295690L, 
384779203L, -942855640L, -1802057207L, 1863007798L, -1134588097L, 
1108011124L, 1493043429L, 851820642L, 1937901691L, 571083136L, 
-838526079L, 1476236110L, -371725449L, 609458508L, -284779043L, 
1546494714L, -993250253L, 710894552L, 709684217L, -1282565274L, 
-1800429905L, -1704987356L, 1936597461L, 683534482L, 762619627L, 
-103900880L, 560470897L, 624146046L, 556501223L, 1320639484L, 
-1266912051L, 1315238186L, -667008861L, -1815803512L, 1607240169L, 
-1548467050L, -2090038753L, 1259154900L, -222988603L, 152902850L, 
-477634213L, -73657120L, 2112624481L, -358636114L, -1561361833L, 
633391788L, -799471683L, 1684851546L, -1127454445L, -99017928L, 
-1481333799L, 466762182L, 772624783L, -547515772L, 820185013L, 
-1259971342L, -333269045L, -1829929840L, 873467729L, -1863032610L, 
-579151929L, 1880810844L, 143349421L, 1101541770L, 1337830787L, 
708221160L, 744765897L, -587564298L, 667481343L, 89924404L, 465949861L, 
501000482L, -949212613L, 1509806144L, -1005386943L, -39524338L, 
1692698935L, -282022900L, -1362992739L, 842671034L, 1343819251L, 
2008580760L, -1074115655L, -1124071386L, 1637250159L, 1037295588L, 
619502997L, 1988297042L, -1890895701L, -909635600L, -839650511L, 
1122253630L, 1661179559L, 254615228L, -1871894387L, 1527095786L, 
-828011933L, 1828313160L, -866788951L, -696917674L, -1708339233L, 
-1940928364L, 833036933L, 1646028162L, 1734796059L, -368624736L, 
24239905L, -811246994L, 124715031L, -1761919636L, -423974019L, 
-374494182L, -1645600045L, 2065013240L, 1125507993L, -1196489082L, 
-838662321L, 656072004L, -1962695819L, 615241138L, -316266101L, 
20337488L, 235652881L, -1617214050L, -142752377L, 1480984604L, 
1184492141L, 1150632522L, -1037183165L, -1444493400L, -1919325815L, 
-1749125194L, -1487922497L, 658513396L, -841916315L, -755740190L, 
-1481634821L, 1150310144L, -1828672767L, 1798896846L, -1102649609L, 
-545751348L, -1866865315L, 987718778L, -512251981L, 1208508760L, 
2097113977L, 2088187110L, -301266385L, 948603556L, -627091115L, 
-2106009070L, 2011925099L, -2012199248L, 256871153L, -676233218L, 
1017209959L, 599630204L, -511075251L, 879694506L, -1282501597L, 
-1697290488L, 975628649L, 1953250838L, -135604833L, 1233462100L, 
-977498555L, 2038197826L, 142583003L, -294575520L, -776509727L, 
-1493709010L, 421805527L, 922775596L, -2127032515L, 1642548442L, 
1912183955L, -1905731400L, 900653913L, -1041198266L, 409369871L, 
997910532L, -952631499L, 1593970290L, 1037261643L, -1725044208L, 
-390644015L, -406918562L, 807826247L, -169088292L, -743162323L, 
-324332790L, 1207943427L, 1704834664L, 402020681L, 202847350L, 
280297599L, -1837705036L, 719367205L, 1791802018L, -1509052997L, 
1484889536L, 311300801L, 628740494L, 62850231L, -1209331316L, 
1219307805L, 652043578L, -1029176973L, 1779367960L, -1323545799L, 
-1900863066L, 2144165871L, 625210724L, 1078301973L, -1788906798L, 
-384459733L, 1533492592L, -1388649807L, -1738832706L, 734327335L, 
-14097348L, 1267847181L, -1151253654L, 1085890019L, -1676167736L, 
-385894103L, 1247238870L, 1382456159L, -848478700L, 1253423621L, 
-939706622L, 949102235L, -543569632L, -1501778271L, 1431765998L, 
-976274537L, 680551148L, 865153789L, -572936806L, 1656411731L, 
1657984888L, -1354783975L, 878108678L, 855093967L, 389919428L, 
1900026613L, 212404018L, -1075163893L, -510377776L, 1808955025L, 
2115981086L, -449519353L, 466390428L, 865751533L, 2057937866L, 
2062772931L, 1008428328L, -348452599L, 1724166454L, -105404865L, 
-239053964L, -1363953691L, -1104813214L, 340070267L, -862870400L, 
-629458303L, 1898407502L, 51176055L, -79141812L, 1247554781L, 
1727276538L, -43377869L, 1821138648L, 1813048057L, 1349766758L, 
480081327L, 1589649444L, -1046507307L, -1208562798L, -1534497301L, 
713880624L, 796260977L, -106804866L, 1848524775L, -735123716L, 
843432909L, -1868811222L, -270145629L, -1350515576L, -660584215L, 
-453560426L, 526393631L, 583538900L, 475178437L, -2040610878L, 
694052955L, 1413558240L, -142494111L, 2139289774L, -1154483881L, 
1315640748L, 1367742141L, 776261210L, 1508757523L, -418146760L, 
-1618468135L, -861803322L, 58108047L, 1965243780L, -723781963L, 
-1772044302L, 355139275L, 556357520L, -14848431L, 930903006L, 
879300295L, 1554509916L, -1442044499L, -279907190L, -1261906813L, 
-870329368L, -416843575L, -1803096586L, -1206383617L, -1344500172L, 
-1794473051L, 1707068450L, 68563259L, -1753191616L, 1116217921L, 
1392622350L, 1240498231L, -330270964L, -913903459L, 736339642L, 
1534981363L, -1639940712L, 2107460281L, -562480346L, -1975825553L, 
-4257052L, -1972548459L, -1291918254L, 738656171L, -1673434384L, 
-574565839L, 809881150L, 27086247L, -1785747012L, -1184532595L, 
350217450L, -86757021L, -741305528L, -926377815L, -1861495722L, 
-1802017057L, 341160852L, 1448300933L, -1386149758L, -861640165L, 
-1557703008L, -58294751L, -1975800466L, 1728476951L, 1263569004L, 
-287917443L, -471290086L, 22186451L, -907340552L, -1236770151L, 
126990726L, 799235663L, -806647740L, -36990347L, 619264178L, 
-1621790581L, 1588407888L, -900192751L, -1466541922L, -75301753L, 
188617500L, 986298733L, 190907722L, 255852099L, 1953170088L, 
-1417959287L, 1109256886L, 1637233087L, -141850380L, -643494043L, 
-1168476958L, 1195447035L, 1879962112L, 1651821057L, -1882665010L, 
640278007L, -1916581428L, -1175620515L, 1718347642L, 1721994931L, 
233528408L, 1971415673L, 360933350L, 1315365167L, -486492764L, 
-2039560107L, 255311122L, -1051831957L, 390373808L, -1076139535L, 
822481662L, -1546511513L, -167039876L, -995038387L, 1760318890L, 
1531198243L, -943250936L, 960014441L, 1532309782L, -1479775073L, 
752225876L, -730350267L, -171699902L, -735826981L, -485737120L, 
-1387592223L, -1707007442L, -149769001L, -2113881300L, -549249475L, 
1334136794L, -1029110893L, 2048480184L, 1665163865L, 568739398L, 
490591247L, 1649840900L, -1211175371L, -1593675406L, -2144755125L, 
1625277712L, -1253925423L, 640482654L, -666719673L, 978253276L, 
-1449980627L, 1335481866L, 1679353859L, 1404891496L, -1745381303L, 
-599152778L, -873326721L, -1282587724L, 943938341L, -726278750L, 
1871033531L, -856016704L, 302068161L, -1405311858L, -1518797897L, 
-1570710388L, -816859107L, -951261126L, 1754982515L, -1974666472L, 
-1552070087L, -1840098138L, -1361037585L, -1555750812L, 1633944597L, 
358700498L, 1713333035L, -1034512272L, -1652178511L, -1331488834L, 
-762533593L, 1751215932L, -135782643L, 1837205098L, -889846557L, 
170160328L, 1773172777L, 278089174L, 247411295L, -1224136428L, 
847243525L, -666379774L, -1315066469L, -357571552L, -1047573087L, 
-1806477586L, 1494528663L, 356232684L, -1232387587L, -2116374374L, 
-944685741L, 643715704L, -701488615L, 408916742L, -234485297L, 
656694724L, -1901721099L, -1284740558L, -1721265141L, -1367270448L, 
1738331537L, -989830626L, 677910535L, -1130719076L, 2049450221L, 
-54827318L, 1293128131L, 1221959720L, -866433015L, -1882577866L, 
-1930707649L, -1902002572L, 749037285L, -1919809950L, -828107141L, 
-452640896L, -387098239L, -316851890L, -1784817289L, -1394004148L, 
2104343517L, -1085888262L, 1797521971L, -1574610472L, 391178745L, 
-1314520730L, -1318630225L, -1689498844L, -2029191211L, -834949486L, 
-600165141L, -2076750032L, -25175695L, 601676926L, -879954201L, 
525496828L, -1228205363L, -1017153750L, -1012298077L, -643268728L, 
1508902889L, 1032202902L, 1060091935L, -1112603692L, -869542715L, 
